0.848266  6.94882904e-04
0.851696  1.69444132e-03
0.855127  5.82095028e-03
0.858558  1.58816216e-02
0.861989  3.19311269e-02
0.865420  7.91757229e-02
0.868851  1.56783329e-01
0.872282  2.77824416e-01
0.875712  4.99578367e-01
0.879143  7.82036967e-01
0.882574  1.16517624e+00
0.886005  1.63111800e+00
0.889436  2.12931042e+00
0.892867  2.64456802e+00
0.896298  3.10785119e+00
0.899728  3.52943378e+00
0.903159  3.82626871e+00
0.906590  4.05041410e+00
0.910021  4.21413294e+00
0.913452  4.28707997e+00
0.916883  4.33852655e+00
0.920314  4.36370911e+00
0.923744  4.37172350e+00
0.927175  4.37556011e+00
0.930606  4.37529618e+00
0.934037  4.37346800e+00
0.937468  4.37114415e+00
0.940899  4.36851131e+00
0.944330  4.36576260e+00
0.947760  4.36294308e+00
0.951191  4.36000769e+00
0.954622  4.35712379e+00
0.958053  4.35427209e+00
0.961484  4.35118864e+00
0.964915  4.34787345e+00
0.968346  4.34431365e+00
0.971776  4.34061222e+00
0.975207  4.33669837e+00
0.978638  4.33246909e+00
0.982069  4.32785357e+00
0.985500  4.32305781e+00
0.988931  4.31804319e+00
0.992362  4.31246208e+00
0.995792  4.30658487e+00
0.999223  4.30030854e+00
1.002650  4.29340136e+00
1.006090  4.28605001e+00
1.009520  4.27772663e+00
1.012950  4.26881746e+00
1.016380  4.25942550e+00
1.019810  4.24837916e+00
1.023240  4.23657323e+00
1.026670  4.22384033e+00
1.030100  4.20918268e+00
1.033530  4.19332128e+00
1.036960  4.17558019e+00
1.040390  4.15538650e+00
1.043820  4.13368650e+00
1.047260  4.10926353e+00
1.050690  4.08214336e+00
1.054120  4.05323362e+00
1.057550  4.02078983e+00
1.060980  3.98574539e+00
1.064410  3.94872471e+00
1.067840  3.90759062e+00
1.071270  3.86436442e+00
1.074700  3.81896242e+00
1.078130  3.76945989e+00
1.081560  3.71773007e+00
1.084990  3.66291680e+00
1.088430  3.60419612e+00
1.091860  3.54348632e+00
1.095290  3.47973813e+00
1.098720  3.41203103e+00
1.102150  3.34183271e+00
1.105580  3.26695450e+00
1.109010  3.18514337e+00
1.112440  3.09741639e+00
1.115870  2.98915455e+00
1.119300  2.85894165e+00
1.122730  2.70991908e+00
1.126170  2.50193121e+00
1.129600  2.26482118e+00
1.133030  1.99126982e+00
1.136460  1.67927514e+00
1.139890  1.36327005e+00
1.143320  1.04891289e+00
1.146750  7.75155536e-01
1.150180  5.31182095e-01
1.153610  3.47697011e-01
1.157040  2.17148735e-01
1.160470  1.18253753e-01
1.163900  6.70311882e-02
1.167340  3.38807155e-02
1.170770  1.39429764e-02
1.174200  7.12128323e-03
1.177630  2.72079162e-03
1.181060  8.73542617e-04
1.184490  3.66530503e-04
